totalcapture_cameras = [
{
    'res_h':1079,
        'res_w':1919,
        'focal_length':[1284.32,1286.38],
        'center':[959.5,539.5],
        'radial_distortion':1.40869e-05,
        'R':[-0.99713,0.00504186,-0.0755413,
        0.0221672,-0.93461,-0.354982,
        -0.0723915,-0.355637,0.931816],
        'translation':[0.820506,0.59704,5.33591]
},
{'res_h':1079,
    'res_w':1919,
    'focal_length':[1395.1,1400.23],
    'center':[959.5,539.5],
    'radial_distortion':-3.35321e-05,
    'R':[0.00446316,0.00528034,-0.999976,
    0.33666,-0.941619,-0.0034703,
    -0.941616,-0.336637,-0.00598029],
    'translation':[-2.20664,1.22766,3.89912],
},
{
    'res_h':1079,
    'res_w':1919,
    'focal_length':[1323.44,1324.55],
    'center':[959.5,539.5],
    'radial_distortion':5.94273e-06,
    'R':[0.27303,0.013108,-0.961916,
    0.412753,-0.904791,0.104826,
    -0.868959,-0.425654,-0.252446],
    'translation':[1.36679,0.684397,4.20159],
},
{'res_h':1079,
    'res_w':1919,
    'focal_length':[1184.09,1186.36],
    'center':[959.5,539.5],
    'radial_distortion':1.09382e-05,
    'R':[0.99949,0.0163305,-0.0274504,
    0.025059,-0.933812,0.356885,
    -0.0198053,-0.357392,-0.933745],
    'translation':[-0.641861,0.643888,4.92216],
},
{'res_h':1079,
    'res_w':1919,
    'focal_length':[1258.59,1262.66],
    'center':[959.5,539.5],
    'radial_distortion':1.53595e-05,
    'R':[0.987599,0.0177199,0.155994,
    -0.0375512,-0.938108,0.3443,
    0.15244,-0.345888,-0.925809],
    'translation':[2.23478,0.612573,5.09217],
},
{'res_h':1079,
    'res_w':1919,
    'focal_length':[1221.95,1223.89],
    'center':[959.5,539.5],
    'radial_distortion':-1.19376e-05,
    'R':[0.112407,-0.0230226,0.993395,
    -0.325053,-0.945579,0.0148664,
    0.938991,-0.324578,-0.113773],
    'translation':[-1.69049,0.705773,5.08975],
},
{'res_h':1079,
    'res_w':1919,
    'focal_length':[1423.67,1424.72],
    'center':[959.5,539.5],
    'radial_distortion':1.33421e-05,
    'R':[-0.202673,-0.00509458,0.979233,
    -0.274693,-0.959541,-0.0618459,
    0.939929,-0.281523,0.193073],
    'translation':[1.49216,0.950175,5.05207],
},
{'res_h':1079,
    'res_w':1919,
    'focal_length':[1239.2,1242.52],
    'center':[959.5,539.5],
    'radial_distortion':-8.68019e-06,
    'R':[-0.904902,-0.0205024,0.425125,
    -0.141438,-0.92759,-0.345793,
    0.401432,-0.373038,0.836478],
    'translation':[-0.106999,0.172359,5.92353],
}]
